13.0000 0.9279 0.0827 13.0000 0.0110
14.0000 0.9390 0.1353 13.0000 0.0132 
15.0000 0.7389 0.0589 10.0000 0.0093 
16.0000 0.6932 0.0532 7.0000 0.0048 
17.0000 0.7281 0.0657 9.0000 0.0132 
18.0000 0.7484 0.0525 10.0000 0.0150 
19.0000 0.7730 0.0842 10.0000 0.0175 
20.0000 0.7593 0.0896 13.0000 0.0105 
21.0000 0.7269 0.0623 10.0000 0.0134 
22.0000 0.7127 0.0692 13.0000 0.0086 
23.0000 0.7412 0.0578 11.0000 0.0127 
24.0000 0.7702 0.0620 10.0000 0.0123 
25.0000 0.7949 0.0852 10.0000 0.0150 
26.0000 0.7956 0.1037 13.0000 0.0122 
27.0000 0.7703 0.0634 10.0000 0.0104 
28.0000 0.7547 0.0689 13.0000 0.0093 
29.0000 0.7542 0.0632 11.0000 0.0085 
30.0000 0.7690 0.0320 6.0000 0.0054 
31.0000 0.7811 0.0266 8.0000 0.0096 
32.0000 0.8036 0.0483 7.0000 0.0199 
33.0000 0.8258 0.0627 9.0000 0.0156 
34.0000 0.8430 0.0590 10.0000 0.0098 
35.0000 0.8610 0.0325 11.0000 0.0071 
36.0000 0.8700 0.1088 10.0000 0.0157 
37.0000 0.8911 0.0551 9.0000 0.0105 
38.0000 0.9041 0.0770 10.0000 0.0114 
39.0000 0.8814 0.0748 11.0000 0.0095 
40.0000 0.8692 0.0608 10.0000 0.0123 
41.0000 0.8778 0.0574 12.0000 0.0088 
42.0000 0.8837 0.0432 11.0000 0.0070 
43.0000 0.8394 0.0627 10.0000 0.0099 
44.0000 0.8389 0.0928 12.0000 0.0117 
45.0000 0.8303 0.0787 12.0000 0.0137 
46.0000 0.8428 0.0482 11.0000 0.0099 
47.0000 0.8317 0.0500 9.0000 0.0092 
48.0000 0.8359 0.0557 8.0000 0.0099 
49.0000 0.8399 0.0616 7.0000 0.0175 
51.0000 0.8486 0.0775 12.0000 0.0091 
52.0000 0.8056 0.0514 9.0000 0.0117 
53.0000 0.7245 0.1077 13.0000 0.0109 
54.0000 0.7312 0.0795 13.0000 0.0089 
55.0000 0.7344 0.0525 9.0000 0.0128 
56.0000 0.7251 0.0550 9.0000 0.0112 
57.0000 0.7222 0.0825 13.0000 0.0127 
58.0000 0.7276 0.0671 10.0000 0.0128 
59.0000 0.7381 0.0893 13.0000 0.0105 
60.0000 0.7305 0.0525 9.0000 0.0112 
61.0000 0.7183 0.0339 9.0000 0.0099 
62.0000 0.7250 0.0723 11.0000 0.0146 
63.0000 0.7067 0.0565 9.0000 0.0100 
64.0000 0.7099 0.0405 8.0000 0.0090 
65.0000 0.7152 0.0302 9.0000 0.0073 
66.0000 0.7204 0.0719 11.0000 0.0097 
67.0000 0.6961 0.0751 9.0000 0.0127 
68.0000 0.6438 0.0449 9.0000 0.0117 
69.0000 0.6240 0.0366 12.0000 0.0054 
70.0000 0.6247 0.0641 11.0000 0.0106 
71.0000 0.6082 0.0322 7.0000 0.0098 
72.0000 0.6038 0.0457 10.0000 0.0107 
73.0000 0.5861 0.0316 10.0000 0.0064 
74.0000 0.5852 0.0690 10.0000 0.0111 
75.0000 0.5652 0.0966 14.0000 0.0096 
76.0000 0.5595 0.0553 11.0000 0.0097 
77.0000 0.5539 0.0639 12.0000 0.0129 
78.0000 0.5509 0.0878 11.0000 0.0127 
79.0000 0.5539 0.0440 9.0000 0.0110 
85.0000 0.5746 0.0706 10.0000 0.0154 
85.0000 0.5746 0.1486 16.0000 0.0214 
85.0000 0.5746 0.1322 12.0000 0.0190 
85.0000 0.5746 0.1572 12.0000 0.0273 
85.0000 0.5746 0.1646 13.0000 0.0202 
85.0000 0.5746 0.1515 13.0000 0.0172 
87.0000 0.5861 0.1781 14.0000 0.0209 
87.0000 0.5861 0.1383 12.0000 0.0169 
88.0000 0.5896 0.0720 8.0000 0.0093 
90.0000 0.6016 0.0797 9.0000 0.0188 
90.0000 0.6016 0.1479 15.0000 0.0165 
91.0000 0.6055 0.1237 13.0000 0.0150 
92.0000 0.6096 0.0862 11.0000 0.0123 
93.0000 0.6155 0.0871 13.0000 0.0109 
94.0000 0.6212 0.1035 12.0000 0.0137 
95.0000 0.6212 0.0911 12.0000 0.0119 
96.0000 0.6168 0.0652 11.0000 0.0098 
97.0000 0.6151 0.0405 9.0000 0.0081 
98.0000 0.6198 0.0612 10.0000 0.0161 
99.0000 0.6238 0.0499 12.0000 0.0117 
100.0000 0.6099 0.0752 12.0000 0.0128 