
1.0000 1.1494 0.1064 12.0000 0.0112 
2.0000 0.9950 0.0874 12.0000 0.0103 
3.0000 0.4651 0.0242 6.0000 0.0038 
4.0000 0.5229 0.1274 11.0000 0.0195 
5.0000 0.6427 0.0796 10.0000 0.0159 
6.0000 0.6936 0.0600 7.0000 0.0061 
7.0000 0.7830 0.0878 13.0000 0.0126 
8.0000 0.8247 0.1023 12.0000 0.0122 
9.0000 0.8712 0.0981 12.0000 0.0101 
10.0000 0.9524 0.0503 10.0000 0.0102 
11.0000 1.0252 0.0840 11.0000 0.0109 
12.0000 0.9709 0.0881 12.0000 0.0103 
13.0000 0.8621 0.0741 12.0000 0.0126 
14.0000 0.8154 0.0836 13.0000 0.0123 
15.0000 0.8537 0.0537 8.0000 0.0123 
16.0000 0.8840 0.0624 8.0000 0.0089 
17.0000 0.7259 0.0633 13.0000 0.0069 
18.0000 0.6642 0.0495 10.0000 0.0122 
19.0000 0.6820 0.0671 15.0000 0.0070 
20.0000 0.6240 0.0520 14.0000 0.0075 
21.0000 0.5738 0.0849 12.0000 0.0143 
22.0000 0.5698 0.1225 14.0000 0.0118 
23.0000 0.5801 0.0208 7.0000 0.0061 
24.0000 0.5946 0.1010 12.0000 0.0140 
25.0000 0.6062 0.1267 16.0000 0.0145 
26.0000 0.6099 0.0404 8.0000 0.0105 
27.0000 0.5752 0.1016 12.0000 0.0141 
28.0000 0.5816 0.0970 13.0000 0.0110 
29.0000 0.5917 0.0939 7.0000 0.0211 
30.0000 0.6069 0.1537 14.0000 0.0168 
31.0000 0.6215 0.2070 26.0000 0.0134 
33.0000 0.6408 0.0892 9.0000 0.0224 
33.0000 0.6408 0.1271 12.0000 0.0139 