
1.0000 0.6452 0.0899 10.0000 0.0122 
2.0000 0.6826 0.1008 8.0000 0.0206 
3.0000 0.8086 0.1155 9.0000 0.0179 
4.0000 0.9091 0.0924 10.0000 0.0176 
5.0000 0.9488 0.1077 10.0000 0.0208 
6.0000 1.0363 0.0528 5.0000 0.0124 
7.0000 1.0086 0.1276 13.0000 0.0176 
8.0000 1.0624 0.0206 10.0000 0.0190 
9.0000 1.1111 0.0763 7.0000 0.0201 
10.0000 1.0081 0.1059 9.0000 0.0174 
11.0000 1.0669 0.0809 9.0000 0.0180 
12.0000 1.1152 0.0496 8.0000 0.0138 
13.0000 1.1754 0.0673 9.0000 0.0152 
14.0000 1.1966 0.0624 10.0000 0.0136 
15.0000 1.1574 0.1329 11.0000 0.0173 
16.0000 1.1561 0.0334 9.0000 0.0116 
17.0000 1.1972 0.0147 11.0000 0.0113 
18.0000 1.2363 0.1215 11.0000 0.0115 
19.0000 1.2684 0.0568 8.0000 0.0154 
20.0000 1.2853 0.0731 8.0000 0.0175 
21.0000 1.2971 0.1295 11.0000 0.0169 
22.0000 1.2346 0.1012 13.0000 0.0157 
23.0000 1.2555 0.0757 10.0000 0.0105 
24.0000 1.2773 0.0646 10.0000 0.0129 
25.0000 1.3014 0.1254 9.0000 0.0224 
26.0000 1.3245 0.1178 13.0000 0.0169 
27.0000 1.3380 0.1687 11.0000 0.0225 
28.0000 1.3559 0.0854 8.0000 0.0176 
29.0000 1.3501 0.1039 10.0000 0.0158 
30.0000 1.3667 0.0822 11.0000 0.0113 
31.0000 1.3808 0.0575 9.0000 0.0115 
32.0000 1.4004 0.0615 10.0000 0.0114 
33.0000 1.4236 0.0872 10.0000 0.0167 
34.0000 1.4450 0.1164 11.0000 0.0190 
35.0000 1.4309 0.0966 11.0000 0.0213 
36.0000 1.4563 0.0702 11.0000 0.0162 
37.0000 1.4653 0.0803 10.0000 0.0105 
38.0000 1.4644 0.0621 9.0000 0.0143 
39.0000 1.4391 0.0928 7.0000 0.0298 
40.0000 1.4540 0.1328 13.0000 0.0129 
41.0000 1.3558 0.0355 8.0000 0.0060 
42.0000 1.3712 0.1066 11.0000 0.0128 
43.0000 1.3276 0.0779 10.0000 0.0155 
44.0000 1.3374 0.0697 9.0000 0.0146 
45.0000 1.3473 0.0760 8.0000 0.0179 
46.0000 1.3565 0.0743 10.0000 0.0143 
47.0000 1.3584 0.0920 12.0000 0.0145 
48.0000 1.3555 0.0559 9.0000 0.0108 
49.0000 1.3622 0.0363 8.0000 0.0102 
50.0000 1.3744 0.0578 11.0000 0.0090 
51.0000 1.3743 0.0476 10.0000 0.0076 
52.0000 1.3724 0.0785 10.0000 0.0105 
53.0000 1.3867 0.0926 11.0000 0.0129 
54.0000 1.3964 0.0260 6.0000 0.0085 
55.0000 1.3977 0.0859 12.0000 0.0154 
56.0000 1.4095 0.0725 7.0000 0.0133 
57.0000 1.4144 0.0818 9.0000 0.0151 
58.0000 1.3882 0.0467 6.0000 0.0017 
59.0000 1.4081 0.0413 7.0000 0.0125 
60.0000 1.4211 0.1439 14.0000 0.0181 
61.0000 1.4306 0.1220 11.0000 0.0193 
62.0000 1.4432 0.0350 9.0000 0.0138 
63.0000 1.4234 0.1240 10.0000 0.0231 
64.0000 1.4334 0.0877 10.0000 0.0218 
65.0000 1.4403 0.1070 10.0000 0.0218 
66.0000 1.4461 0.0205 6.0000 0.0142 
67.0000 1.4443 0.0587 9.0000 0.0131 
68.0000 1.4499 0.0457 7.0000 0.0058 
69.0000 1.4606 0.0403 8.0000 0.0107 
70.0000 1.4734 0.0632 11.0000 0.0064 
71.0000 1.4555 0.0572 8.0000 0.0109 
72.0000 1.4622 0.0725 8.0000 0.0151 
73.0000 1.4727 0.0590 10.0000 0.0134 
74.0000 1.4558 0.0690 12.0000 0.0149 
75.0000 1.4473 0.0579 7.0000 0.0221 