
1.0000 0.4000 0.1229 14.0000 0.0138 
2.0000 0.4329 0.0934 10.0000 0.0109 
3.0000 0.3750 0.0907 11.0000 0.0138 
4.0000 0.2937 0.0438 9.0000 0.0122 
6.0000 0.4021 0.1304 18.0000 0.0176 
6.0000 0.4021 0.0995 20.0000 0.0113 
8.0000 0.5060 0.0441 6.0000 0.0135 
8.0000 0.5060 0.0204 5.0000 0.0094 
9.0000 0.4787 0.0587 10.0000 0.0110 
10.0000 0.4699 0.0587 10.0000 0.0129 
11.0000 0.4587 0.0589 7.0000 0.0072 
12.0000 0.4977 0.0260 6.0000 0.0108 
13.0000 0.5359 0.0760 10.0000 0.0141 
14.0000 0.5611 0.0871 11.0000 0.0112 
15.0000 0.5885 0.0925 12.0000 0.0127 
16.0000 0.5878 0.0363 6.0000 0.0116 
17.0000 0.5341 0.0354 11.0000 0.0059 
18.0000 0.5627 0.0314 9.0000 0.0059 
19.0000 0.5913 0.0396 8.0000 0.0114 
20.0000 0.6167 0.0756 11.0000 0.0128 
21.0000 0.6230 0.0859 13.0000 0.0098 