
1.0000 0.4926 0.0237 5.0000 0.0051 
2.0000 0.2240 0.0655 9.0000 0.0129 
3.0000 0.2918 0.0519 11.0000 0.0088 
4.0000 0.2674 0.0245 5.0000 0.0105 
5.0000 0.3111 0.0401 9.0000 0.0091 
6.0000 0.3593 0.0189 4.0000 0.0089 
7.0000 0.3861 0.0856 8.0000 0.0176 
8.0000 0.4301 0.0905 8.0000 0.0206 
9.0000 0.4541 0.1050 10.0000 0.0164 
10.0000 0.4890 0.0745 8.0000 0.0134 
11.0000 0.4628 0.0527 10.0000 0.0140 
12.0000 0.4896 0.0413 7.0000 0.0134 
13.0000 0.5045 0.0574 8.0000 0.0167 
14.0000 0.5307 0.0818 8.0000 0.0121 
15.0000 0.5597 0.0560 8.0000 0.0148 
16.0000 0.5571 0.0811 8.0000 0.0168 
17.0000 0.5512 0.0515 6.0000 0.0057 
18.0000 0.5801 0.0529 10.0000 0.0107 
19.0000 0.6068 0.0401 5.0000 0.0194 
20.0000 0.6311 0.0718 8.0000 0.0202 
21.0000 0.6530 0.0525 11.0000 0.0102 
22.0000 0.5557 0.0323 8.0000 0.0145 
23.0000 0.5719 0.0706 10.0000 0.0117 
24.0000 0.5646 0.0512 6.0000 0.0082 
25.0000 0.5303 0.0634 8.0000 0.0114 
26.0000 0.5307 0.0406 8.0000 0.0079 
27.0000 0.5444 0.0202 5.0000 0.0094 
28.0000 0.5300 0.0564 8.0000 0.0171 