
1.0000 0.1479 0.0971 10.0000 0.0143 
2.0000 0.2448 0.0313 5.0000 0.0113 
3.0000 0.3099 0.1010 10.0000 0.0122 
4.0000 0.3988 0.0955 8.0000 0.0166 
5.0000 0.4912 0.0314 5.0000 0.0098 
6.0000 0.5698 0.0207 4.0000 0.0043 
7.0000 0.5303 0.0786 7.0000 0.0175 
8.0000 0.4635 0.0771 9.0000 0.0159 
9.0000 0.5134 0.1071 10.0000 0.0216 
10.0000 0.5615 0.1461 10.0000 0.0196 
11.0000 0.5327 0.0579 5.0000 0.0193 
12.0000 0.5442 0.1023 9.0000 0.0144 
13.0000 0.5467 0.1631 11.0000 0.0241 
14.0000 0.5684 0.0596 7.0000 0.0138 
15.0000 0.5981 0.0358 6.0000 0.0068 
16.0000 0.6270 0.0791 10.0000 0.0208 
17.0000 0.6313 0.1187 11.0000 0.0175 
18.0000 0.5734 0.1161 10.0000 0.0148 
19.0000 0.5965 0.1366 10.0000 0.0197 
20.0000 0.4755 0.1078 10.0000 0.0148 
21.0000 0.4888 0.0611 7.0000 0.0159 
22.0000 0.5089 0.1203 9.0000 0.0199 
23.0000 0.5122 0.1261 11.0000 0.0165 
24.0000 0.5264 0.0985 11.0000 0.0129 
25.0000 0.5388 0.1153 10.0000 0.0140 
26.0000 0.5537 0.0814 10.0000 0.0099 
27.0000 0.5705 0.1375 12.0000 0.0152 
28.0000 0.5853 0.1354 11.0000 0.0215 
29.0000 0.5700 0.1163 11.0000 0.0181 