
1.0000 0.0542 0.0762 9.0000 0.0146 
2.0000 0.1005 0.0838 9.0000 0.0159 
3.0000 0.1174 0.1170 17.0000 0.0178 
4.0000 0.1156 0.1028 14.0000 0.0180 
5.0000 0.1438 0.0611 8.0000 0.0150 
6.0000 0.1368 0.0395 6.0000 0.0158 
7.0000 0.1095 0.0329 5.0000 0.0079 
8.0000 0.1250 0.0370 5.0000 0.0145 
9.0000 0.1183 0.0878 10.0000 0.0225 
10.0000 0.1304 0.0743 8.0000 0.0192 
11.0000 0.1430 0.0786 9.0000 0.0122 
12.0000 0.1320 0.0607 8.0000 0.0153 
13.0000 0.1419 0.0760 8.0000 0.0174 
15.0000 0.1591 0.0242 5.0000 0.0105 
15.0000 0.1591 0.0620 7.0000 0.0179 
16.0000 0.1576 0.0427 7.0000 0.0140 
17.0000 0.1581 0.0775 8.0000 0.0183 
18.0000 0.1590 0.0195 4.0000 0.0124
19