
1.0000 0.6711 0.0492 6.0000 0.0143 
2.0000 1.0256 0.0850 12.0000 0.0139 
3.0000 1.0381 0.0428 8.0000 0.0095 
4.0000 1.2158 0.0448 7.0000 0.0098 
5.0000 0.6227 0.0342 9.0000 0.0078 
6.0000 0.6403 0.0480 8.0000 0.0116 
7.0000 0.5529 0.0072 8.0000 0.0079 
8.0000 0.5483 0.0643 10.0000 0.0104 
9.0000 0.5780 0.0393 8.0000 0.0096 
10.0000 0.6223 0.0534 11.0000 0.0081 
11.0000 0.5962 0.0487 11.0000 0.0064 
13.0000 0.6582 0.0742 9.0000 0.0391 
13.0000 0.6582 0.1373 78.0000 0.0078 
15.0000 0.7382 0.0376 8.0000 0.0078 
15.0000 0.7382 0.0068 3.0000 0.0061 
16.0000 0.7741 0.0477 21.0000 0.0150 
19.0000 0.8304 0.0866 44.0000 0.0595 
19.0000 0.8304 0.2125 52.0000 0.0492 
19.0000 0.8304 0.1631 104.0000 0.0109 
20.0000 0.8643 0.0578 10.0000 0.0090 
21.0000 0.8994 0.0389 9.0000 0.0067 
23.0000 0.9717 0.1427 13.0000 0.0269 
23.0000 0.9717 0.0653 9.0000 0.0078 
25.0000 0.9980 0.0831 30.0000 0.0256 
25.0000 0.9980 0.1062 77.0000 0.0034 
29.0000 1.1056 0.0600 16.0000 0.0074 
29.0000 1.1056 0.0241 12.0000 0.0077 
29.0000 1.1056 0.0625 16.0000 0.0074 
29.0000 1.1056 0.0504 8.0000 0.0122 
30.0000 1.1282 0.0286 10.0000 0.0054 
31.0000 1.1593 0.0120 5.0000 0.0049 
32.0000 1.1696 0.0549 6.0000 0.0097 
33.0000 1.1871 0.0446 10.0000 0.0084 
34.0000 1.1467 0.0584 12.0000 0.0124 
37.0000 1.1657 0.0773 33.0000 0.0084 
37.0000 1.1657 0.0370 10.0000 0.0094 
37.0000 1.1657 0.0615 12.0000 0.0077 
38.0000 1.1772 0.0349 9.0000 0.0080 
39.0000 1.1729 0.0134 8.0000 0.0086 
40.0000 1.1665 0.0787 17.0000 0.0151 
41.0000 1.1694 0.0609 11.0000 0.0110 
42.0000 1.1324 0.0646 10.0000 0.0098 