5.0000 0.6803 0.0282 5.0000 0.0089
6.0000 0.8011 0.0181 8.0000 0.0118 
7.0000 0.8102 0.1019 11.0000 0.0128 
8.0000 0.8247 0.0575 9.0000 0.0101 
9.0000 0.9027 0.0673 13.0000 0.0096 
10.0000 0.8772 0.0518 7.0000 0.0096 
11.0000 0.9466 0.0845 12.0000 0.0120 
12.0000 0.9934 0.0303 10.0000 0.0090 
13.0000 1.0417 0.0638 9.0000 0.0178 
14.0000 1.0679 0.0595 9.0000 0.0147 
15.0000 1.0323 0.1027 13.0000 0.0258 
16.0000 0.8811 0.0254 5.0000 0.0017 
17.0000 0.8573 0.0394 13.0000 0.0058 
18.0000 0.8119 0.0427 9.0000 0.0100 