
1.0000 4.0000 0.0205 6.0000 0.0053 
3.0000 3.4483 0.0284 6.0000 0.0062 
3.0000 3.4483 0.0062 4.0000 0.0020 
4.0000 4.0404 0.0268 9.0000 0.0138 
5.0000 1.1792 0.0543 11.0000 0.0101 
6.0000 1.0772 0.0758 11.0000 0.0094 
7.0000 1.0558 0.0825 10.0000 0.0135 
8.0000 1.1594 0.0690 14.0000 0.0097 
9.0000 0.9464 0.0734 13.0000 0.0100 
10.0000 0.9200 0.0529 9.0000 0.0078 
11.0000 0.9709 0.0774 10.0000 0.0143 
12.0000 0.9412 0.0831 10.0000 0.0135 
13.0000 0.9954 0.0838 13.0000 0.0104 
14.0000 0.9038 0.0572 11.0000 0.0100 
15.0000 0.9524 0.0555 9.0000 0.0098 
16.0000 0.8729 0.0679 18.0000 0.0106 
17.0000 0.8966 0.0742 10.0000 0.0094 
18.0000 0.9380 0.0791 12.0000 0.0117 
19.0000 0.9669 0.0578 14.0000 0.0058 
20.0000 0.9980 0.0848 10.0000 0.0159 
22.0000 1.0602 0.0813 30.0000 0.0032 
22.0000 1.0602 0.0735 11.0000 0.0107 
23.0000 1.0426 0.0623 10.0000 0.0105 
27.0000 1.1245 0.0741 24.0000 0.0030 
27.0000 1.1245 0.0213 9.0000 0.0172 
27.0000 1.1245 0.0263 3.0000 0.0094 
27.0000 1.1245 0.0766 27.0000 0.0126 
28.0000 1.1327 0.0709 9.0000 0.0130 
29.0000 1.1614 0.0611 9.0000 0.0134 
30.0000 1.1933 0.0086 4.0000 0.0058 
31.0000 1.2157 0.0535 12.0000 0.0084 
32.0000 1.2442 0.0602 10.0000 0.0139 
33.0000 1.2533 0.0702 12.0000 0.0100 
34.0000 1.2213 0.0691 10.0000 0.0113 
35.0000 1.1937 0.0567 9.0000 0.0117 
36.0000 1.1753 0.0301 7.0000 0.0067 
37.0000 1.1916 0.0639 10.0000 0.0105 
38.0000 1.1639 0.1770 14.0000 0.0128 