
1.0000 1.0000 0.0609 8.0000 0.0157 
2.0000 0.3170 0.0142 8.0000 0.0095 
3.0000 0.4016 0.0114 8.0000 0.0124 
4.0000 0.3781 0.0529 10.0000 0.0127 
5.0000 0.4464 0.0544 9.0000 0.0109 
6.0000 0.4399 0.0634 9.0000 0.0130 
7.0000 0.4801 0.0142 9.0000 0.0170 
8.0000 0.4569 0.0629 7.0000 0.0145 
9.0000 0.4972 0.0453 9.0000 0.0115 
10.0000 0.5362 0.0901 10.0000 0.0189 
11.0000 0.5705 0.0660 12.0000 0.0099 
12.0000 0.5639 0.0520 12.0000 0.0092 
13.0000 0.5856 0.0339 9.0000 0.0092 
14.0000 0.6184 0.0421 9.0000 0.0103 
15.0000 0.6460 0.0879 9.0000 0.0192 
16.0000 0.6748 0.0963 11.0000 0.0091 
17.0000 0.6936 0.0488 6.0000 0.0075 
18.0000 0.7212 0.0931 10.0000 0.0165 
19.0000 0.7439 0.0318 11.0000 0.0064 
20.0000 0.7485 0.1098 12.0000 0.0151 
21.0000 0.7684 0.0509 11.0000 0.0099 
22.0000 0.7790 0.0531 8.0000 0.0121 
23.0000 0.7896 0.0773 15.0000 0.0183 
24.0000 0.7830 0.0591 15.0000 0.0091 
25.0000 0.8033 0.0385 6.0000 0.0177 
26.0000 0.8230 0.0734 9.0000 0.0182 