
1.0000 1.4286 0.0395 15.0000 0.0093 
2.0000 1.2658 0.1467 11.0000 0.0306 
3.0000 1.6216 0.1464 11.0000 0.0133 
4.0000 1.6667 0.0733 34.0000 0.0147 
5.0000 1.9380 0.0379 10.0000 0.0066 
6.0000 1.8519 0.0297 7.0000 0.0088 
7.0000 1.9337 0.0472 8.0000 0.0108 
8.0000 1.9324 0.0271 8.0000 0.0077 
9.0000 1.7787 0.0323 8.0000 0.0072 
10.0000 1.3141 0.0667 8.0000 0.0135 
11.0000 1.2304 0.0367 5.0000 0.0145 
12.0000 1.0791 0.0575 8.0000 0.0113 
13.0000 1.0735 0.0088 8.0000 0.0100 
14.0000 1.1281 0.0549 14.0000 0.0060 
15.0000 0.7119 0.0587 10.0000 0.0089 
16.0000 0.7273 0.0315 8.0000 0.0091 
17.0000 0.7122 0.1250 13.0000 0.0212 
18.0000 0.7441 0.1435 23.0000 0.0155 
24.0000 0.9573 0.0730 18.0000 0.0096 
24.0000 0.9573 0.0450 10.0000 0.0077 
24.0000 0.9573 0.0210 4.0000 0.0059 
24.0000 0.9573 0.0125 3.0000 0.0074 
24.0000 0.9573 0.0136 3.0000 0.0041 
24.0000 0.9573 0.0151 4.0000 0.0065 
27.0000 1.0551 0.0087 13.0000 0.0064 
27.0000 1.0551 0.0222 13.0000 0.0050 
27.0000 1.0551 0.0044 3.0000 0.0017 
31.0000 1.1615 0.0163 39.0000 0.0036 
31.0000 1.1615 0.0429 12.0000 0.0070 
31.0000 1.1615 0.0461 15.0000 0.0092 
31.0000 1.1615 0.0142 5.0000 0.0059 
32.0000 1.1778 0.0228 15.0000 0.0061 
36.0000 1.2592 -0.0037 22.0000 0.0119 
36.0000 1.2592 0.0709 8.0000 0.0160 
36.0000 1.2592 0.0347 26.0000 0.0079 
36.0000 1.2592 0.0410 16.0000 0.0073 
37.0000 1.2256 0.0224 7.0000 0.0070 
38.0000 1.2402 0.0245 6.0000 0.0080 
39.0000 1.2609 0.0428 9.0000 0.0094 
40.0000 1.2763 0.0358 6.0000 0.0111 
41.0000 1.2909 0.0767 8.0000 0.0149 
42.0000 1.2700 0.0469 10.0000 0.0083 
43.0000 1.2763 0.0281 8.0000 0.0076 
44.0000 1.2236 0.0442 8.0000 0.0078 
45.0000 1.2325 0.0323 7.0000 0.0087 
52.0000 1.3344 0.0035 8.0000 0.0051 
52.0000 1.3344 0.0229 6.0000 0.0065 
52.0000 1.3344 0.0228 5.0000 0.0081 
52.0000 1.3344 0.0529 28.0000 0.0080 
52.0000 1.3344 0.0528 13.0000 0.0080 
52.0000 1.3344 0.0478 11.0000 0.0114 
52.0000 1.3344 0.0558 11.0000 0.0105 
53.0000 1.3514 0.0524 13.0000 0.0120 
54.0000 1.3723 0.0401 7.0000 0.0108 
55.0000 1.3668 0.0417 10.0000 0.0184 
56.0000 1.3837 0.0468 9.0000 0.0086 
57.0000 1.3875 0.0371 8.0000 0.0081 